<!DOCTYPE html>
<html lang="zh-CN">
<head>
  <meta charset="UTF-8">
  <meta name="viewport" content="width=device-width, initial-scale=1.0">
  <title>2026-07-07 个股排行 · A股全景</title>
  <link rel="stylesheet" href="../../css/common.css">
  <link rel="stylesheet" href="../../css/report.css">
</head>
<body>
  <header class="site-header">
    <div class="container">
      <nav class="breadcrumb">
        <a href="../../index.html">首页</a> /
        <a href="../index.html">报表列表</a> /
        个股排行
      </nav>
      <h1 class="site-title">2026-07-07 个股涨跌排行</h1>
      <p class="site-subtitle">更新于 2026-07-14 00:08:11</p>
    </div>
  </header>

  <main class="container report-body">
    <section class="table-section">
      <h2>涨幅榜</h2>
      <div class="table-wrap">
        <table class="data-table">
          <thead><tr><th>代码</th><th>名称</th><th>涨跌幅</th><th>收盘价</th><th>成交额(亿)</th></tr></thead>
          <tbody><tr><td>002384</td><td>002384</td><td class="text-up">+-2.31%</td><td>236.70</td><td>0.00</td></tr><tr><td>000988</td><td>000988</td><td class="text-up">+-2.42%</td><td>154.24</td><td>0.00</td></tr><tr><td>603629</td><td>603629</td><td class="text-up">+-7.25%</td><td>108.15</td><td>0.00</td></tr><tr><td>600378</td><td>600378</td><td class="text-up">+-9.89%</td><td>54.59</td><td>0.00</td></tr><tr><td>000636</td><td>000636</td><td class="text-up">+-10.00%</td><td>54.01</td><td>0.00</td></tr></tbody>
        </table>
      </div>
    </section>
    <section class="table-section">
      <h2>跌幅榜</h2>
      <div class="table-wrap">
        <table class="data-table">
          <thead><tr><th>代码</th><th>名称</th><th>涨跌幅</th><th>收盘价</th><th>成交额(亿)</th></tr></thead>
          <tbody><tr><td>000636</td><td>000636</td><td class="text-down">-10.00%</td><td>54.01</td><td>0.00</td></tr><tr><td>600378</td><td>600378</td><td class="text-down">-9.89%</td><td>54.59</td><td>0.00</td></tr><tr><td>603629</td><td>603629</td><td class="text-down">-7.25%</td><td>108.15</td><td>0.00</td></tr><tr><td>000988</td><td>000988</td><td class="text-down">-2.42%</td><td>154.24</td><td>0.00</td></tr><tr><td>002384</td><td>002384</td><td class="text-down">-2.31%</td><td>236.70</td><td>0.00</td></tr></tbody>
        </table>
      </div>
    </section>
  </main>

  <footer class="site-footer">
    <div class="container"><p><a href="../index.html">返回报表列表</a></p></div>
  </footer>
</body>
</html>
